2016 01 02 22 09
2016 01 08 22 21
2016 01 12 13 03
2016 01 14 03 47
2016 01 14 18 19
2016 01 20 23 24
2016 01 25 06 32
2016 01 26 08 04
2016 01 26 22 10
2016 02 03 13 41
2016 02 04 00 35
2016 02 05 19 08
2016 02 11 08 28
2016 02 16 18 16
2016 02 17 13 04
2016 02 19 15 13
2016 02 24 16 43
2016 03 06 16 17
2016 03 11 11 40
2016 03 11 16 00
2016 03 14 10 57
2016 03 14 11 09
2016 03 20 19 22
2016 03 20 19 26
2016 03 21 03 18
2016 04 01 01 32
2016 04 02 19 34
2016 04 09 03 38
2016 04 14 20 45
2016 04 15 04 05
2016 04 21 08 56
2016 04 24 23 57
2016 05 06 20 37
2016 05 10 12 27
2016 05 10 20 49
2016 05 12 14 18
2016 05 14 06 38
2016 05 22 08 29
2016 05 26 18 53
2016 06 01 19 37
2016 06 02 10 09
2016 06 04 05 14
2016 06 04 22 41
2016 06 08 14 56
2016 06 09 18 56
2016 06 10 11 13
2016 06 16 20 44
2016 06 18 12 44
2016 06 19 13 59
2016 06 20 02 48
2016 06 20 20 51
2016 06 21 11 36
2016 07 05 10 40
2016 07 09 18 40
2016 07 12 01 58
2016 07 13 21 02
2016 07 14 15 39
2016 07 15 23 15
2016 07 21 21 00
2016 07 22 00 18
2016 07 22 08 39
2016 07 28 00 08
2016 08 01 20 37
2016 08 05 02 48
2016 08 15 12 10
2016 08 19 09 09
2016 08 21 02 14
2016 08 24 06 59
2016 08 26 07 46
2016 08 27 20 29
2016 09 04 04 35
2016 09 04 17 18
2016 09 10 23 21
2016 09 13 20 21
2016 09 18 22 42
2016 09 24 07 21
2016 09 26 10 50
2016 09 27 03 14
2016 10 05 02 56
2016 10 06 01 20
2016 10 06 17 07
2016 10 15 09 39
2016 10 25 18 19
2016 10 27 04 09
2016 11 04 11 48
2016 11 05 12 17
2016 11 06 05 59
2016 11 10 05 51
2016 11 12 18 09
2016 11 13 10 55
2016 11 15 17 16
2016 11 15 23 07
2016 11 22 09 52
2016 11 28 03 15
2016 12 04 01 08
2016 12 05 10 37
2016 12 07 10 12
2016 12 14 20 02
2016 12 22 13 24
2016 12 23 01 57
2017 01 07 15 24
2017 01 08 15 12
2017 01 09 11 33
2017 01 17 23 23
2017 01 20 01 20
2017 01 20 12 19
2017 01 23 19 25
2017 01 28 22 38
2017 02 08 17 58
2017 02 11 12 54
2017 02 12 00 00
2017 02 13 21 15
2017 02 16 20 52
2017 02 21 18 56
2017 02 24 00 34
2017 02 24 03 31
2017 02 25 22 25
2017 02 27 12 44
2017 02 27 22 19
2017 03 01 17 38
2017 03 02 05 41
2017 03 03 05 31
2017 03 05 03 55
2017 03 06 14 24
2017 03 08 19 50
2017 03 09 00 02
2017 03 13 13 16
2017 03 16 09 13
2017 03 18 08 50
2017 03 20 19 21
2017 03 22 23 13
2017 03 24 04 30
2017 03 25 04 55
2017 03 28 02 10
2017 03 28 07 08
2017 03 28 13 07
2017 04 04 17 32
2017 04 05 19 00
2017 04 13 17 12
2017 04 20 02 59
2017 05 01 09 46
2017 05 05 09 42
2017 05 08 22 36
2017 05 10 20 27
2017 05 12 19 12
2017 05 15 01 56
2017 06 07 01 08
2017 06 07 04 39
2017 06 08 11 54
2017 06 12 15 39
2017 06 19 09 30
2017 06 19 15 00
2017 06 21 05 50
2017 06 22 11 26
2017 07 07 17 41
2017 07 09 06 30
2017 07 13 13 12
2017 07 16 23 27
2017 07 17 22 24
2017 07 18 06 32
2017 07 20 14 21
2017 07 26 14 40
2017 07 27 14 33
2017 07 28 00 07
2017 08 02 18 21
2017 08 08 01 31
2017 08 15 07 40
2017 08 17 06 22
2017 08 24 14 39
2017 08 25 08 19
2017 08 25 15 38
2017 09 02 01 20
2017 09 04 17 29
2017 09 05 12 09
2017 09 08 03 48
2017 09 13 00 07
2017 09 19 21 49
2017 09 20 15 27
2017 09 24 04 21
2017 10 07 05 46
2017 10 11 18 28
2017 10 13 03 16
2017 10 13 07 45
2017 10 14 07 09
2017 10 17 22 09
2017 11 10 19 33
2017 11 13 08 33
2017 11 19 08 14
2017 11 27 07 09
2017 12 02 23 04
2017 12 13 15 55
2017 12 17 08 22
2017 12 18 02 26
2017 12 18 09 12
2017 12 19 18 21
2017 12 22 18 14
2017 12 23 15 40
2017 12 25 01 09
2017 12 26 20 53
2017 12 27 11 28
2018 01 05 17 56
2018 01 06 03 34
2018 01 07 09 27
2018 01 14 02 32
2018 01 16 02 24
2018 01 17 19 02
2018 01 19 17 46
2018 01 23 14 25
2018 01 25 07 33
2018 01 25 15 02
2018 02 02 16 01
2018 02 10 10 23
2018 02 10 19 11
2018 02 17 11 50
2018 03 06 12 50
2018 03 06 19 23
2018 03 08 23 03
2018 03 15 00 18
2018 03 19 11 09
2018 03 20 04 39
2018 03 27 15 06
2018 03 27 20 03
2018 04 03 15 39
2018 04 03 21 03
2018 04 10 02 09
2018 04 16 09 00
2018 04 20 08 48
2018 04 21 05 19
2018 04 22 02 33
2018 04 24 13 32
2018 04 26 17 28
2018 05 01 10 58
2018 05 08 20 48
2018 05 10 02 37
2018 05 10 02 54
2018 05 11 13 25
2018 05 13 17 18
2018 05 16 12 00
2018 05 16 14 35
2018 05 18 18 51
2018 05 22 20 21
2018 05 23 03 07
2018 05 26 15 25
2018 05 27 06 24
2018 06 03 01 12
2018 06 03 12 41
2018 06 03 14 13
2018 06 10 13 03
2018 06 14 08 03
2018 06 16 04 30
2018 06 17 03 36
2018 06 18 20 07
2018 06 20 08 06
2018 06 24 11 29
2018 06 26 01 44
2018 07 04 08 54
2018 07 13 06 14
2018 07 14 01 01
2018 07 14 03 15
2018 07 15 04 50
2018 07 21 01 28
2018 07 21 18 37
2018 07 28 15 21
2018 08 01 15 14
2018 08 03 12 46
2018 08 04 14 19
2018 08 05 08 35
2018 08 09 22 49
2018 08 10 15 28
2018 08 15 11 41
2018 08 17 00 19
2018 08 19 09 41
2018 08 28 18 45
2018 09 06 01 19
2018 09 11 23 20
2018 09 12 19 25
2018 09 18 02 41
2018 09 22 08 02
2018 09 23 07 24
2018 09 24 00 00
2018 09 26 09 44
2018 09 27 06 38
2018 09 27 07 38
2018 10 14 19 23
2018 10 23 14 36
2018 10 25 05 17
2018 10 25 20 27
2018 11 01 22 02
2018 11 02 07 01
2018 11 03 08 12
2018 11 15 09 54
2018 12 02 13 30
2018 12 09 03 58
2018 12 10 15 55
2018 12 15 10 40
2018 12 15 12 30
2018 12 16 08 16
2018 12 24 02 42
2018 12 24 06 43
2018 12 26 08 32
2019 01 03 00 12
2019 01 11 00 47
2019 01 13 18 08
2019 01 19 14 15
2019 01 21 14 44
2019 01 25 07 22
2019 01 26 23 03
2019 01 27 22 29
2019 02 04 02 13
2019 02 15 13 30
2019 02 15 14 37
2019 02 19 16 37
2019 02 22 11 15
2019 02 22 18 44
2019 02 24 08 10
2019 02 27 01 12
2019 02 28 06 03
2019 03 01 09 47
2019 03 07 17 02
2019 03 11 04 06
2019 03 20 08 21
2019 03 21 17 05
2019 03 25 00 55
2019 03 26 22 28
2019 03 27 05 07
2019 04 04 16 18
2019 04 05 09 18
2019 04 08 10 12
2019 04 09 00 58
2019 04 16 23 19
2019 04 23 17 12
2019 04 23 19 01
2019 04 24 02 43
2019 04 24 02 58
2019 04 28 10 51
2019 05 01 02 52
2019 05 01 07 55
2019 05 02 17 06
2019 05 06 20 54
2019 05 07 02 49
2019 05 13 07 58
2019 05 15 01 29
2019 05 15 08 33
2019 05 16 17 31
2019 05 18 00 11
2019 05 18 11 12
2019 05 27 13 30
2019 06 05 01 39
2019 06 20 19 36
2019 06 22 09 02
2019 06 24 10 44
2019 07 10 08 12
2019 07 11 16 39
2019 07 18 01 42
2019 07 28 01 30
2019 08 03 00 08
2019 08 06 09 35
2019 08 08 19 36
2019 08 09 08 49
2019 08 12 16 18
2019 08 12 21 40
2019 08 14 01 38
2019 08 16 01 04
2019 08 16 22 47
2019 08 17 22 01
2019 08 19 15 24
2019 08 22 23 21
2019 08 26 18 50
2019 08 27 11 01
2019 08 27 17 22
2019 09 02 13 38
2019 09 02 19 52
2019 09 03 06 59
2019 09 05 10 50
2019 09 07 12 59
2019 09 08 01 16
2019 09 11 03 51
2019 09 16 20 59
2019 09 21 00 17
2019 09 21 12 51
2019 10 03 00 27
2019 10 03 00 28
2019 10 03 18 19
2019 10 04 02 20
2019 10 11 18 21
2019 10 11 20 09
2019 10 15 16 29
2019 10 22 12 33
2019 10 22 17 08
2019 10 26 07 07
2019 11 01 14 32
2019 11 04 23 01
2019 11 05 20 14
2019 11 10 02 01
2019 11 15 04 04
2019 11 15 17 47
2019 11 19 19 09
2019 11 25 12 01
2019 12 04 12 43
2019 12 21 05 26
